0 1
0 7
0 9
0 13
0 14
0 26
0 27
0 28
0 33
0 46
0 47
0 50
1 0
1 8
1 12
1 32
1 42
2 9
2 13
2 29
2 32
2 33
2 36
3 25
4 4
4 8
4 26
4 32
4 40
4 41
4 49
4 51
4 58
5 8
5 12
5 46
5 48
6 25
6 33
7 0
7 20
7 32
8 1
8 4
8 5
8 21
8 28
8 40
8 48
8 54
9 0
9 2
9 16
9 22
10 33
11 24
11 28
11 36
12 1
12 5
12 34
12 43
13 0
13 2
14 0
14 17
14 48
16 9
16 27
16 32
16 33
16 34
16 48
17 14
20 7
21 8
21 52
22 9
24 11
25 3
25 6
26 0
26 4
27 0
27 16
28 0
28 8
28 11
28 36
29 2
32 1
32 2
32 4
32 7
32 16
33 0
33 2
33 6
33 10
33 16
34 12
34 16
36 2
36 11
36 28
39 42
40 4
40 8
41 4
42 1
42 39
43 12
46 0
46 5
47 0
48 5
48 8
48 14
48 16
49 4
50 0
51 4
52 21
54 8
58 4
