0 10
0 29
0 32
0 34
0 41
0 51
0 52
0 57
0 75
0 77
0 80
0 96
0 105
0 115
0 120
0 130
0 147
0 152
0 154
0 157
0 164
0 172
0 176
0 181
0 188
0 200
0 201
0 202
0 217
0 219
0 233
0 236
1 5
1 16
1 17
1 73
1 74
1 88
1 97
1 132
1 134
1 140
2 5
2 20
2 49
2 56
2 64
2 96
2 104
2 120
2 128
2 180
2 193
2 233
2 236
3 64
3 109
3 177
4 25
4 47
4 73
4 138
4 193
5 1
5 2
5 42
5 66
5 108
5 202
5 225
6 8
6 27
6 40
6 65
6 81
6 128
6 164
6 192
7 16
7 32
7 105
7 162
8 6
8 13
8 54
8 66
8 68
8 97
8 102
8 199
8 233
9 18
9 48
9 50
9 70
10 0
10 40
10 86
10 161
10 228
11 52
11 133
11 197
12 71
12 121
13 8
14 152
16 1
16 7
16 32
16 35
16 45
16 47
16 78
16 97
16 155
16 193
16 203
17 1
17 38
17 72
17 74
17 130
17 160
18 9
18 37
18 40
18 69
18 78
18 97
18 100
18 197
18 235
20 2
20 64
20 96
20 136
21 72
21 80
21 90
21 104
21 128
21 136
22 64
24 109
24 147
24 160
24 224
25 4
25 36
25 64
25 129
25 192
26 32
26 65
26 101
26 240
27 6
27 52
28 50
28 64
28 99
28 162
28 194
28 224
28 226
29 0
32 0
32 7
32 16
32 26
32 78
32 91
32 138
32 150
32 200
33 52
33 133
33 156
33 204
34 0
34 68
34 236
35 16
35 80
35 208
36 25
36 66
36 72
36 202
36 224
37 18
37 82
38 17
38 128
40 6
40 10
40 18
40 49
40 70
40 84
40 134
40 150
40 200
41 0
41 64
42 5
45 16
45 144
46 132
46 192
47 4
47 16
48 9
48 97
49 2
49 40
49 135
49 202
50 9
50 28
50 129
51 0
51 75
51 141
52 0
52 11
52 27
52 33
52 69
52 193
53 202
54 8
56 2
56 70
56 153
56 198
57 0
60 131
62 65
64 2
64 3
64 20
64 22
64 25
64 28
64 41
64 128
64 137
64 148
64 164
65 6
65 26
65 62
65 91
66 5
66 8
66 36
66 136
66 138
66 188
66 192
66 213
67 68
67 72
67 132
67 160
68 8
68 34
68 67
68 168
68 190
68 226
69 18
69 52
70 9
70 40
70 56
71 12
71 130
72 17
72 21
72 36
72 67
72 128
72 144
72 172
73 1
73 4
74 1
74 17
75 0
75 51
77 0
78 16
78 18
78 32
78 88
80 0
80 21
80 35
80 98
80 109
80 128
80 129
81 6
82 37
83 128
84 40
84 134
86 10
87 104
88 1
88 78
88 128
88 134
90 21
91 32
91 65
92 163
94 168
96 0
96 2
96 20
96 132
97 1
97 8
97 16
97 18
97 48
97 138
98 80
99 28
99 129
100 18
100 192
101 26
102 8
102 128
102 137
104 2
104 21
104 87
104 131
105 0
105 7
105 130
106 149
106 161
108 5
109 3
109 24
109 80
115 0
119 192
120 0
120 2
121 12
128 2
128 6
128 21
128 38
128 64
128 72
128 80
128 83
128 88
128 102
128 164
128 169
128 184
128 194
128 202
129 25
129 50
129 80
129 99
130 0
130 17
130 71
130 105
131 60
131 104
131 196
132 1
132 46
132 67
132 96
132 241
133 11
133 33
134 1
134 40
134 84
134 88
135 49
136 20
136 21
136 66
137 64
137 102
138 4
138 32
138 66
138 97
140 1
140 194
141 51
144 45
144 72
147 0
147 24
148 64
149 106
150 32
150 40
152 0
152 14
153 56
154 0
155 16
155 160
156 33
157 0
160 17
160 24
160 67
160 155
161 10
161 106
162 7
162 28
163 92
164 0
164 6
164 64
164 128
168 68
168 94
169 128
172 0
172 72
172 181
176 0
177 3
177 193
180 2
181 0
181 172
184 128
188 0
188 66
190 68
192 6
192 25
192 46
192 66
192 100
192 119
193 2
193 4
193 16
193 52
193 177
194 28
194 128
194 140
196 131
197 11
197 18
198 56
199 8
200 0
200 32
200 40
201 0
202 0
202 5
202 36
202 49
202 53
202 128
203 16
204 33
205 227
208 35
213 66
217 0
219 0
224 24
224 28
224 36
225 5
226 28
226 68
227 205
228 10
233 0
233 2
233 8
235 18
236 0
236 2
236 34
240 26
241 132
