0 1
0 2
0 8
0 10
0 15
0 17
0 32
0 33
0 34
0 40
0 43
0 49
0 57
0 60
0 65
0 77
0 80
0 89
0 97
0 100
1 0
1 16
1 50
1 78
1 108
1 110
1 116
2 0
2 11
2 64
2 65
2 72
3 16
3 64
3 68
3 112
4 10
4 14
4 18
4 21
4 26
4 40
4 80
5 13
5 24
5 56
5 76
5 80
6 8
6 25
6 28
7 25
7 68
8 0
8 6
8 15
8 17
8 21
8 65
8 71
8 83
8 107
9 16
9 68
9 76
9 104
10 0
10 4
10 13
10 68
10 70
10 82
10 84
10 96
10 116
11 2
11 12
11 50
11 82
11 100
11 112
12 11
12 14
13 5
13 10
13 60
13 64
13 67
14 4
14 12
14 65
14 96
15 0
15 8
15 32
15 80
16 1
16 3
16 9
16 31
16 32
16 34
16 44
16 70
16 72
17 0
17 8
17 34
17 74
17 114
18 4
18 65
20 36
21 4
21 8
24 5
24 33
24 39
24 67
24 77
25 6
25 7
25 64
26 4
28 6
28 64
29 96
31 16
32 0
32 15
32 16
32 66
32 73
32 98
33 0
33 24
33 37
33 64
33 90
34 0
34 16
34 17
34 76
34 113
36 20
36 64
36 81
36 83
37 33
37 96
38 65
39 24
39 72
40 0
40 4
40 82
41 70
42 42
43 0
44 16
44 82
46 83
48 71
48 108
49 0
50 1
50 11
51 72
56 5
57 0
60 0
60 13
64 2
64 3
64 13
64 25
64 28
64 33
64 36
64 77
65 0
65 2
65 8
65 14
65 18
65 38
66 32
67 13
67 24
68 3
68 7
68 9
68 10
70 10
70 16
70 41
71 8
71 48
72 2
72 16
72 39
72 51
73 32
74 17
76 5
76 9
76 34
77 0
77 24
77 64
78 1
80 0
80 4
80 5
80 15
81 36
82 10
82 11
82 40
82 44
83 8
83 36
83 46
84 10
89 0
90 33
96 10
96 14
96 29
96 37
97 0
97 114
98 32
100 0
100 11
104 9
107 8
108 1
108 48
110 1
112 3
112 11
113 34
114 17
114 97
116 1
116 10
